1 0 -1 0.038461538461538464
10 0 1 0.038461538461538464
2 0 1 0.038461538461538464
3 0 1 0.038461538461538464
4 0 1 0.038461538461538464
5 0 1 0.038461538461538464
6 0 1 0.038461538461538464
7 0 1 0.038461538461538464
8 0 1 0.038461538461538464
9 0 1 0.038461538461538464
0 1 1 0.010526315789473684
7 1 1 0.010526315789473684
0 2 1 0.014084507042253521
5 2 1 0.014084507042253521
0 4 1 0.006369426751592357
0 5 1 0.043478260869565216
7 5 1 0.043478260869565216
5 7 1 0.02631578947368421
0 8 1 0.06666666666666667
0 9 1 0.019230769230769232
5 9 1 0.019230769230769232
3 9 -1 0.019230769230769232
6 19 -1 0.019230769230769232
7 19 -1 0.019230769230769232
4 10 -1 0.5
5 10 1 0.16666666666666666
2 10 1 0.0072992700729927005
5 2 1 0.05263157894736842
7 2 1 0.05263157894736842
6 7 1 0.04
1 3 -1 0.006802721088435374
5 4 1 0.029411764705882353
2 4 1 0.0038022813688212928
9 4 1 0.0038022813688212928